1101110111
1101001111
1101111111
1111011101
1111001111
1111000101
1011101110
0110111111
1110110111
1011111011



1101110111
1101001111
1101111111
1111011101
1111001111
1111000101
1011101110
0110111111
1110110111
1011111011



1110101111
1111111101
1110111111
1110111010
1110111100
1100111101
1011011111
1111101111
0111111111
1111111111



1110101111
1111111101
1110111111
1110111010
1110111100
1100111101
1011011111
1111101111
0111111111
1111111111



1111111111
1111111111
1111111111
1111111111
1111111111
1111111111
1111111111
1111111111
1111111111
1111111111



1111111101
1111001111
1100110110
1110110111
1111011001
1110101001
0111111111
1111110111
1001100111
1111111010



